1,2,3
44,65,90
1,72,56
15,16,49
27,50,78
49,56,40
17,55,78
4,28,32
39,67,7
85,89,69
4,76,70
28,48,57
32,26,28
24,79,15
64,44,89
34,33,59
15,5,75
7,31,51
77,94,25
29,12,70
17,58,2
63,73,41
5,92,13
22,73,2
89,19,96
34,74,44
44,85,28
14,88,51
37,77,60
83,31,86
67,86,87
92,18,42
18,66,93
79,7,68
37,69,73
93,5,69
48,34,89
97,27,76
61,87,74
62,66,48
38,28,81
4,82,37
35,70,91
42,35,61
12,80,97
39,36,15
19,22,13
9,4,76
8,73,39
21,43,2
63,59,98
56,50,37
1,11,87
0,15,95
92,73,15
39,97,34
14,75,71
71,89,64
85,33,92
61,8,5
34,18,22
